100 101
100 102
100 103
100 104
100 105
100 106
100 107
100 108
100 109
100 110
100 111
100 112
100 113
100 114
100 115
100 116
100 117
100 118
100 119
100 120
102 0
102 1
102 2
102 3
102 4
107 5
107 6
107 7
107 8
107 9
115 10
115 11
115 12
115 13
115 14
120 15
120 16
120 17
120 18
120 19
108 20
108 21
108 22
108 23
108 24
117 25
117 26
117 27
117 28
117 29
101 32
101 33
101 34
101 30
101 31
110 35
110 36
110 37
110 38
110 39
112 40
112 41
112 42
112 43
112 44
118 45
118 46
118 47
118 48
118 49
104 50
104 51
104 52
104 53
104 54
116 55
116 56
116 57
116 58
116 59
103 64
103 60
103 61
103 62
103 63
106 65
106 66
106 67
106 68
106 69
113 70
113 71
113 72
113 73
113 74
109 75
109 76
109 77
109 78
109 79
111 80
111 81
111 82
111 83
111 84
105 85
105 86
105 87
105 88
105 89
114 90
114 91
114 92
114 93
114 94
119 96
119 97
119 98
119 99
119 95
