0 1
0 2
2 3
2 4
2 5
4 6
4 7
7 8
7 9
7 10
8 11
8 12
8 13
8 14
8 15
8 16
8 17
15 18
18 19
19 20
19 21
21 22
22 23
20 24
24 25
24 26
24 27
24 28
25 29
26 30
30 32
30 31
14 33
14 34
14 35
14 36
14 37
14 38
14 39
14 40
34 41
34 42
34 43
34 44
34 45
34 46
41 48
41 49
41 47
43 50
45 51
42 52
39 53
40 54
54 56
54 55
33 57
57 58
35 59
35 60
60 61
61 62
61 63
62 64
59 65
65 66
36 67
67 68
68 69
37 70
38 71
71 72
13 73
13 74
13 75
13 76
13 77
13 78
13 79
76 80
76 81
76 82
76 83
76 84
76 85
76 86
80 87
84 88
83 89
89 90
90 91
82 92
92 93
85 94
81 95
95 96
86 97
73 98
73 99
73 100
73 101
73 102
73 103
99 104
102 105
101 106
101 107
101 108
108 109
107 110
106 111
111 112
112 113
98 114
98 115
103 116
103 117
100 118
118 119
119 120
74 128
74 129
74 121
74 122
74 123
74 124
74 125
74 126
74 127
124 130
130 131
128 132
132 133
132 134
132 135
135 136
134 137
133 138
138 139
121 140
121 141
121 142
140 144
140 143
144 145
145 146
145 147
147 148
142 149
149 150
141 151
123 152
129 153
129 154
153 155
126 156
122 157
157 158
127 159
159 160
125 161
125 162
125 163
125 164
162 165
164 166
161 167
75 168
168 169
78 170
170 171
171 172
77 173
77 174
173 175
175 176
174 177
177 178
178 179
179 180
79 181
181 182
182 183
183 184
16 185
185 186
185 187
187 188
188 189
189 192
189 190
189 191
192 193
190 194
194 195
191 196
196 197
186 198
186 199
199 200
200 201
12 202
12 203
11 204
204 205
205 206
17 207
207 208
9 209
209 210
209 211
209 212
212 213
212 214
212 215
212 216
212 217
215 218
218 219
218 220
218 221
218 222
220 223
223 224
223 225
223 226
223 227
223 228
227 229
227 230
229 231
231 232
232 233
232 234
233 235
234 236
234 237
234 238
230 239
239 240
240 241
241 242
224 243
243 244
226 245
245 246
246 247
247 248
248 249
228 250
250 251
251 252
225 253
253 254
254 255
221 256
221 257
221 258
221 259
221 260
221 261
261 262
262 263
263 264
263 265
265 266
256 267
267 268
260 269
269 270
258 272
258 271
271 273
272 274
259 275
259 276
259 277
277 278
278 279
279 280
280 281
276 282
275 283
283 284
257 285
285 286
219 287
287 288
287 289
289 290
290 291
290 292
292 293
293 294
291 295
288 296
296 297
297 298
298 299
299 300
222 301
301 302
301 303
303 304
304 305
302 306
306 307
306 308
308 309
307 310
310 311
217 312
217 313
313 314
314 315
315 316
316 317
312 318
318 320
318 319
319 321
319 322
319 323
319 324
322 325
324 326
326 328
326 327
327 329
323 330
330 331
331 332
332 333
320 334
216 336
216 335
336 337
336 338
338 339
335 340
335 341
341 342
341 343
342 344
342 345
345 346
343 347
343 348
348 349
340 350
350 351
351 352
214 353
353 354
354 355
355 356
213 357
357 358
210 359
359 360
359 361
359 362
359 363
359 364
362 365
362 366
362 367
365 368
365 369
365 370
365 371
365 372
365 373
365 374
369 376
369 377
369 375
377 378
376 379
375 380
372 381
374 384
374 385
374 382
374 383
382 386
384 387
384 388
388 389
387 390
383 391
371 392
373 393
368 394
370 395
366 396
367 397
364 400
364 401
364 398
364 399
398 402
401 403
399 404
360 405
405 406
406 408
406 409
406 410
406 407
409 411
409 412
409 413
408 414
407 415
363 416
416 417
416 418
418 419
361 420
420 421
421 422
211 423
423 424
10 425
10 426
425 427
427 428
427 429
429 430
428 431
426 432
6 433
433 434
434 435
5 436
436 437
436 438
436 439
436 440
436 441
436 442
436 443
440 444
440 445
444 446
444 447
447 448
447 449
448 450
446 451
451 452
445 453
453 454
454 455
438 456
442 457
441 458
458 459
458 460
460 461
461 462
459 463
463 464
443 465
437 466
3 467
467 468
468 469
468 470
469 471
471 472
472 473
473 474
470 475
475 476
476 477
477 478
1 480
1 481
1 482
1 483
1 479
481 484
484 485
485 486
486 488
486 489
486 487
488 490
490 491
489 492
492 493
493 494
493 495
495 496
496 497
494 498
487 499
499 500
500 501
501 502
483 504
483 503
503 505
505 506
506 507
507 508
508 509
509 510
504 511
511 512
512 513
512 514
513 515
513 516
515 517
516 520
516 518
516 519
520 521
521 522
522 523
519 524
524 525
518 526
526 528
526 527
527 529
514 530
530 531
531 532
531 533
531 534
534 535
532 536
479 537
537 538
537 539
539 544
539 540
539 541
539 542
539 543
541 545
541 546
541 547
541 548
541 549
541 550
541 551
548 552
548 553
548 554
553 555
553 556
555 557
557 558
558 559
556 560
552 561
561 562
562 563
563 564
554 565
565 566
565 567
567 568
545 569
569 570
570 571
571 572
546 573
573 574
574 575
575 576
576 577
576 578
577 579
579 580
578 581
578 582
582 583
551 584
584 585
584 586
584 587
584 588
587 589
589 590
588 591
591 592
592 593
585 594
585 595
595 596
594 597
586 598
598 599
547 600
600 601
601 602
550 603
603 604
549 605
605 606
544 607
607 608
608 609
609 610
610 611
611 612
543 613
613 614
614 615
540 616
616 617
617 618
618 619
619 620
542 621
621 622
622 623
538 624
624 625
625 626
626 627
482 628
628 629
629 630
629 631
630 632
632 633
631 634
634 635
635 636
636 637
480 638
480 639
638 640
639 641
641 642
642 643
643 644
644 645
